-28 -12 -43 -29 -29 -44 -27 -15 -44
-32 -19 -67 -26 -41 -66 -26 -34 -62
-44 -30 -74 -34 -53 -79 -40 -48 -70
-52 -53 -81 -51 -65 -88 -51 -58 -83
-55 -65 -97 -53 -73 -100 -50 -64 -99
-60 -59 -96 -61 -81 -99 -62 -77 -92
-51 -46 -83 -51 -89 -95 -53 -81 -92
-46 -42 -95 -41 -77 -102 -49 -81 -104
-62 -65 -105 -58 -89 -103 -71 -92 -100
-46 -74 -94 -42 -90 -88 -46 -81 -82
-23 -54 -92 -26 -59 -84 -29 -51 -80
-52 -60 -120 -61 -78 -116 -63 -66 -106
-64 -82 -106 -66 -105 -105 -67 -99 -103
-39 -47 -87 -39 -68 -90 -46 -79 -90
-31 -45 -90 -32 -65 -95 -34 -64 -78
-42 -62 -91 -48 -69 -90 -40 -54 -70
-44 -63 -82 -53 -64 -88 -48 -45 -69
-54 -62 -71 -46 -78 -87 -50 -61 -78
-31 -29 -44 -23 -56 -59 -27 -48 -53
-27 -20 -45 -26 -37 -54 -30 -37 -48
-49 -29 -56 -43 -42 -60 -42 -42 -53
-40 -27 -13 -41 -49 -17 -37 -37 -16
-22 -1 25 -18 -17 22 -19 -2 19
-11 6 35 2 10 36 -4 30 34
1 5 50 9 5 40 1 20 28
11 35 57 17 24 41 16 16 18
7 47 35 17 23 25 7 21 11
-18 12 -4 -8 -7 -7 -22 -3 -20
-43 -15 -45 -29 -30 -49 -37 -29 -68
-49 -25 -31 -39 -42 -36 -49 -46 -53
-51 -12 -35 -35 -39 -49 -51 -45 -63
-62 -31 -47 -42 -59 -58 -58 -62 -65
-64 -36 -26 -51 -52 -40 -68 -68 -52
-65 -25 -22 -49 -46 -39 -62 -62 -54
-65 -30 -16 -54 -52 -26 -63 -54 -43
-71 -27 -5 -62 -42 -10 -71 -36 -25
-81 -40 -33 -65 -40 -30 -71 -26 -30
-75 -64 -53 -58 -48 -42 -69 -33 -32
-34 -44 -32 -15 -24 -24 -26 -21 -17
-36 -19 -44 -15 -21 -50 -30 -18 -48
-48 -35 -42 -31 -37 -43 -46 -33 -41
-64 -27 -60 -45 -37 -51 -58 -31 -45
-80 -54 -67 -61 -56 -54 -74 -47 -40
-76 -58 -46 -55 -48 -37 -72 -46 -21
-65 -33 -35 -39 -27 -32 -55 -32 -15
-66 -34 -21 -46 -33 -24 -61 -41 -11
-61 -20 -18 -46 -34 -34 -58 -40 -31
-87 -39 -47 -68 -54 -65 -81 -58 -66
-71 -52 -35 -53 -54 -39 -68 -53 -43
-35 -28 -11 -17 -28 -15 -24 -18 -21
-20 -5 1 -4 -14 -4 -11 1 -10
-34 -14 -18 -19 -21 -26 -27 -4 -27
-56 -28 -13 -34 -41 -27 -42 -26 -33
-60 -15 -3 -43 -44 -25 -50 -39 -41
-40 1 9 -20 -43 -14 -26 -39 -27
-21 8 4 -1 -22 -11 -8 -16 -15
-11 -6 -5 1 -26 -12 -5 -10 -14
-5 -1 -3 13 -13 -4 5 -8 -18
-11 10 -9 4 2 -4 -4 -10 -14
-26 -10 -24 -25 -20 -24 -24 -15 -29
-25 -13 -23 -14 -22 -16 -14 -14 -17
13 15 8 17 11 14 17 18 7
42 51 5 42 36 7 42 32 -7
14 33 -8 14 33 -6 17 16 -13
-17 1 -6 -27 -9 -1 -18 -5 -3
-26 -4 -15 -30 -13 -11 -19 -4 -15
-17 -14 -24 -16 -21 -16 -9 -13 -7
-4 -11 -12 -10 -13 -7 -1 12 8
-16 -14 -22 -16 -10 -16 -5 17 -4
-39 -27 -43 -44 -33 -30 -33 5 -14
-62 -65 -64 -70 -76 -45 -52 -15 -30
-48 -56 -62 -47 -67 -46 -33 -15 -30
-45 -56 -65 -44 -63 -53 -35 -27 -35
-13 -37 -54 2 -44 -44 8 -5 -29
-15 -18 -61 12 -26 -46 4 4 -34
-20 -37 -31 6 -31 -14 -3 -1 -1
-13 1 -15 17 -1 1 9 27 9
-32 -10 -34 -10 -16 -17 -17 3 -8
-20 -12 -23 5 -14 -8 -4 -4 3
-39 -10 -42 -17 -16 -18 -18 2 4
-48 -37 -55 -34 -29 -21 -32 7 9
-64 -53 -54 -38 -29 -20 -41 -4 -1
-67 -30 -17 -33 -11 12 -44 4 25
-68 -15 -35 -43 -18 -15 -50 1 -4
-61 -20 -33 -36 -41 -16 -34 -18 -8
-40 -6 -22 -24 -23 2 -19 -10 4
-6 6 -14 4 1 13 17 15 2
-7 21 -12 11 22 11 18 32 -4
-8 20 -10 9 23 21 10 30 20
-2 15 -31 16 30 11 22 46 15
9 13 -32 23 29 7 31 42 4
3 5 -30 5 24 2 17 30 -2
-45 -23 -51 -45 -11 -19 -24 5 -12
-65 -43 -26 -69 -43 3 -49 -3 18
-80 -36 -32 -78 -36 -14 -64 1 -3
-98 -53 -54 -88 -54 -42 -77 -27 -27
-86 -61 -49 -79 -72 -30 -72 -33 -10
-68 -33 -40 -59 -44 -30 -49 -23 -21
-44 -6 -35 -41 -39 -27 -27 -25 -32
-33 10 -43 -31 -34 -29 -24 -24 -43
-14 12 -3 5 -3 8 3 -20 -10
-15 34 -11 -1 19 8 -10 8 -12
-40 4 -10 -26 -17 13 -32 -10 -12
-43 20 -2 -28 -10 12 -33 -7 -16
-54 10 -13 -48 -32 -6 -51 -30 -35
-57 -7 -36 -54 -44 -30 -50 -46 -54
-55 -14 -51 -53 -54 -42 -51 -52 -55
-58 -30 -68 -59 -64 -50 -57 -47 -60
-75 -43 -59 -74 -64 -45 -66 -41 -58
-74 -33 -49 -73 -55 -43 -69 -37 -58
-61 -34 -50 -58 -63 -46 -55 -45 -60
-52 -20 -49 -37 -53 -51 -45 -50 -75
-48 -17 -61 -32 -41 -58 -48 -59 -78
-50 -32 -84 -42 -54 -80 -46 -56 -88
-70 -50 -82 -71 -65 -84 -67 -60 -93
-87 -58 -81 -95 -83 -88 -88 -76 -94
-104 -70 -95 -109 -99 -96 -98 -78 -96
-104 -78 -77 -110 -100 -72 -101 -83 -82
-77 -43 -67 -77 -75 -73 -74 -70 -87
-84 -50 -69 -83 -91 -88 -78 -75 -88
-67 -48 -62 -75 -97 -77 -69 -68 -80
-68 -49 -67 -73 -97 -77 -67 -62 -81
-58 -41 -41 -65 -76 -43 -56 -36 -44
-54 -31 -38 -67 -61 -34 -58 -25 -42
-40 -22 -31 -45 -64 -39 -35 -32 -47
-4 -1 -24 -4 -37 -31 -4 -17 -41
1 -1 -40 6 -31 -51 3 -13 -59
-5 -4 -36 7 -44 -54 1 -27 -65
-6 2 -35 7 -33 -55 -10 -33 -61
-23 -14 -69 -10 -52 -90 -19 -41 -86
-41 -38 -68 -40 -84 -82 -39 -61 -81
-44 -36 -58 -53 -78 -60 -45 -63 -56
-46 -28 -60 -52 -73 -54 -41 -50 -45
-20 -24 -31 -21 -41 -24 -17 -22 -8
-15 -12 -42 -14 -24 -42 -12 -5 -30
-18 -24 -43 -14 -54 -47 -9 -28 -36
-4 -40 -32 -7 -51 -35 -3 -18 -17
-30 -49 -40 -37 -52 -46 -21 -4 -26
-31 -50 -32 -40 -63 -39 -20 -15 -27
2 -28 -27 -3 -40 -39 7 -5 -36
-19 -36 -59 -23 -48 -60 -5 -11 -56
-33 -45 -52 -42 -57 -49 -22 -15 -40
-47 -46 -32 -48 -54 -38 -35 -16 -24
-50 -34 -24 -44 -56 -39 -34 -17 -19
-42 -31 -39 -43 -54 -43 -35 -23 -23
-49 -46 -60 -43 -53 -57 -37 -32 -44
-37 -40 -42 -30 -55 -43 -29 -40 -35
-34 -37 -58 -35 -63 -56 -32 -41 -53
-44 -52 -36 -43 -73 -44 -32 -48 -55
-44 -22 -13 -52 -50 -29 -41 -39 -41
-55 -23 -21 -67 -64 -32 -51 -42 -30
-50 -24 -27 -55 -68 -37 -40 -31 -30
-56 -30 -34 -65 -77 -48 -55 -40 -36
-53 -40 -41 -55 -83 -49 -43 -45 -39
-52 -38 -50 -57 -75 -50 -48 -48 -35
-74 -58 -77 -87 -91 -83 -74 -60 -72
-106 -77 -70 -109 -122 -81 -96 -97 -76
-95 -61 -48 -96 -105 -52 -91 -85 -51
-100 -60 -77 -97 -96 -83 -94 -85 -92
-88 -71 -90 -80 -102 -93 -79 -97 -96
-73 -74 -78 -71 -95 -84 -73 -93 -81
-77 -82 -66 -78 -99 -78 -70 -92 -73
-57 -58 -64 -54 -80 -70 -52 -69 -64
-51 -54 -63 -48 -73 -59 -48 -70 -56
-39 -39 -54 -29 -51 -52 -31 -43 -53
-52 -40 -55 -45 -53 -54 -52 -46 -60
-76 -53 -60 -67 -71 -64 -74 -70 -72
-94 -60 -70 -85 -97 -87 -89 -91 -90
-89 -58 -76 -91 -110 -91 -92 -102 -86
-72 -55 -51 -67 -106 -50 -70 -89 -40
-40 -16 2 -27 -50 6 -40 -41 11
-14 2 13 -7 -21 8 -18 -22 5
13 25 42 25 -3 31 15 4 26
27 53 54 34 20 35 23 24 23
1 36 4 3 -5 -11 -3 2 -15
-34 -17 -52 -27 -40 -51 -31 -25 -53
-55 -63 -84 -50 -72 -78 -58 -60 -77
-63 -80 -97 -53 -81 -90 -59 -70 -82
-64 -76 -117 -57 -89 -109 -61 -72 -102
-55 -79 -116 -53 -101 -102 -54 -86 -101
-52 -64 -103 -43 -89 -99 -43 -78 -95
-50 -70 -100 -48 -102 -103 -49 -80 -89
-32 -61 -76 -26 -82 -74 -26 -69 -65
-32 -47 -74 -25 -59 -72 -21 -43 -61
-35 -59 -91 -31 -72 -89 -30 -50 -71
-38 -53 -115 -29 -85 -115 -30 -65 -99
-47 -68 -89 -34 -93 -84 -41 -74 -71
-54 -48 -77 -41 -77 -77 -53 -71 -74
-38 -27 -73 -21 -74 -71 -30 -73 -70
-50 -24 -83 -53 -67 -72 -52 -60 -67
-78 -54 -85 -77 -86 -81 -76 -77 -77
-70 -37 -76 -62 -82 -70 -68 -89 -67
-77 -38 -72 -81 -75 -55 -82 -80 -45
-76 -63 -93 -69 -83 -69 -72 -65 -41
-61 -83 -100 -53 -76 -65 -56 -41 -26
-29 -60 -82 -25 -43 -49 -24 -10 -21
-17 -27 -72 -7 -26 -55 -8 -6 -35
-27 -40 -87 -21 -52 -72 -22 -32 -56
-9 -39 -76 0 -54 -59 -1 -40 -43
-1 -21 -77 18 -29 -58 8 -19 -47
-2 -37 -61 13 -36 -42 2 -30 -38
5 -1 -51 31 -11 -32 12 -18 -35
-10 15 -46 14 -6 -21 -6 -30 -24
-11 10 -43 4 -11 -19 -14 -29 -18
-2 6 -51 27 -7 -26 3 -21 -24
4 -7 -54 33 -7 -32 1 -22 -32
-4 -15 -39 21 -14 -29 -8 -34 -34
-5 1 -43 22 -6 -35 -5 -32 -43
-5 -4 -59 19 -22 -48 -14 -47 -51
-10 -3 -46 15 -26 -45 -13 -41 -48
-11 -2 -32 10 -21 -34 -17 -32 -40
1 5 -30 20 -10 -26 -8 -23 -25
1 14 -35 20 -7 -25 -1 -14 -26
13 14 -25 32 -3 -12 6 -16 -26
18 32 -5 39 24 7 12 -18 -27
10 50 -5 30 31 -2 5 -14 -44
5 34 -12 18 6 -20 -6 -34 -51
11 15 -12 22 1 -13 6 -29 -34
37 22 -1 50 14 2 33 -2 -20
53 27 -3 67 30 7 45 12 -10
39 31 -14 53 36 7 39 29 -1
24 15 -32 30 4 -14 19 14 -21
46 14 -33 56 -1 -10 45 6 -16
56 25 -42 68 18 -13 56 25 -17
45 7 -18 52 7 5 41 16 -1
44 32 -1 56 20 19 48 25 13
73 48 11 86 37 25 74 43 24
76 44 -5 88 34 9 71 40 12
71 38 7 87 25 15 74 31 8
73 46 8 84 25 17 67 31 3
56 29 -1 71 21 2 53 25 -14
50 28 -10 68 14 2 53 10 -17
37 18 -21 54 19 -1 32 3 -10
16 -7 -22 36 5 3 17 -3 7
18 3 -18 27 -3 6 18 5 10
24 12 -20 27 -4 -2 17 -5 -8
32 13 -15 44 8 6 34 -8 -7
24 18 -6 26 17 16 20 0 3
19 3 -2 18 10 27 16 5 12
20 16 -12 21 18 22 20 11 11
13 11 -10 8 5 29 6 -2 14
43 34 21 45 31 53 38 18 26
60 53 29 63 53 53 52 23 10
56 44 29 59 49 49 47 7 4
36 37 31 37 36 47 33 5 16
47 41 28 45 39 56 38 21 31
61 46 22 65 51 61 54 38 45
58 39 20 70 54 58 53 45 49
40 17 16 45 41 52 30 32 45
36 14 31 42 35 58 36 33 51
24 25 11 20 22 33 18 30 27
-3 -12 -10 -15 -23 4 -5 -7 -1
-3 -6 8 -8 -25 15 3 -17 3
8 3 6 2 -10 14 7 -3 2
13 8 17 13 2 31 16 9 16
9 25 42 18 31 60 18 32 38
35 29 27 32 27 46 36 24 28
44 31 45 48 16 60 50 20 42
38 53 40 46 29 64 40 23 45
53 51 38 53 33 77 49 22 71
67 59 48 81 56 77 65 45 55
57 54 55 73 54 69 48 23 36
48 52 65 68 51 84 44 13 52
57 72 62 79 68 82 54 39 40
28 49 47 40 36 57 17 5 16
29 47 43 47 30 57 25 -8 20
50 57 40 73 40 58 44 4 26
68 68 59 87 60 79 55 25 52
44 89 46 68 76 64 37 39 41
41 72 39 53 44 48 29 23 30
30 64 12 40 29 24 16 17 17
34 49 22 51 31 41 28 15 40
45 55 28 51 38 45 30 25 42
18 55 24 31 37 48 8 23 49
10 37 26 21 40 61 -2 23 64
4 26 25 7 36 61 -10 21 57
11 49 38 17 42 67 4 23 58
3 58 26 9 48 48 -13 18 45
-17 23 -8 -8 20 11 -27 1 21
3 26 -20 15 32 -2 -2 13 7
-12 13 -62 -7 18 -45 -26 -5 -27
-29 -20 -56 -20 -27 -43 -36 -37 -17
-17 2 -32 -5 -5 -18 -29 -15 3
-37 -15 -45 -30 -13 -25 -52 -18 -4
-37 -30 -38 -20 -29 -20 -41 -21 2
-17 -16 -38 -2 -11 -23 -27 -13 -4
-23 -26 -54 -12 -23 -35 -33 -16 -20
-51 -42 -54 -37 -32 -40 -55 -16 -24
-55 -41 -55 -44 -35 -38 -65 -24 -15
-44 -32 -59 -28 -30 -31 -48 -12 -8
-31 -20 -43 -21 -25 -25 -37 -2 -7
-22 -17 -45 -11 -24 -29 -30 -14 -12
-10 -12 -45 7 -8 -26 -13 -3 -9
-25 -20 -45 -17 -18 -25 -35 -5 -10
-22 -32 -56 -7 -7 -34 -27 -5 -23
-29 -37 -88 -8 -15 -63 -30 -10 -57
-22 -61 -89 -1 -34 -64 -26 -32 -53
-8 -50 -89 17 -23 -62 -7 -16 -44
-26 -53 -72 -6 -30 -50 -23 -24 -36
-14 -34 -60 3 -22 -42 -15 -18 -32
-49 -52 -92 -28 -43 -78 -41 -32 -58
-34 -59 -59 -13 -58 -47 -30 -45 -17
-15 -16 -37 11 -11 -26 -13 1 2
-27 -20 -35 -4 -19 -26 -18 -4 -8
-36 -21 -27 -25 -27 -19 -35 -14 -7
-33 -13 -19 -11 -16 -15 -24 -14 -10
-32 -17 -38 -6 -17 -27 -25 -16 -22
-33 -30 -32 -9 -26 -35 -30 -18 -35
-23 -17 -30 7 -31 -44 -12 -22 -53
10 -16 -15 31 -31 -21 14 -21 -25
25 -5 2 47 3 -5 29 8 -5
-3 4 12 13 -11 -9 4 -8 -10
10 16 42 21 -14 17 8 -6 18
18 36 29 30 12 8 17 24 21
-15 13 -16 -21 -14 -27 -19 10 -7
-40 -32 -34 -48 -55 -34 -42 -20 -15
-46 -16 -30 -41 -48 -35 -42 -12 -17
-39 -10 -34 -35 -44 -39 -42 -10 -24
-11 -12 -17 -4 -33 -17 -11 -7 -8
17 14 -5 27 -2 -10 17 16 -8
5 12 -10 15 -12 -21 -1 -5 -20
-10 3 -9 4 -20 -15 -11 -13 -7
-25 10 4 -16 -7 -6 -27 11 6
-2 18 17 9 -12 -8 -6 -3 -7
46 63 42 67 14 13 44 4 6
58 58 36 68 20 13 49 18 5
58 46 27 79 15 -2 53 6 -16
60 46 39 85 14 4 59 5 -3
68 58 35 91 32 10 59 31 13
55 51 13 83 30 -11 52 26 -18
42 50 4 69 14 -16 38 6 -23
39 45 -2 63 7 -15 32 5 -12
35 41 -11 62 14 -28 33 14 -25
22 16 -17 41 -1 -35 16 -2 -32
5 5 -11 24 -11 -22 0 -8 -15
-1 16 -3 27 1 -9 -1 2 -6
5 20 1 27 12 -1 -2 7 6
10 18 -7 33 4 -6 10 12 3
11 18 -11 32 -1 -4 12 18 5
-3 11 -28 8 -5 -16 -6 18 -2
-26 -13 -25 -9 -30 -11 -20 -3 7
-7 3 3 5 -24 13 -10 -1 24
-16 8 13 -10 -33 19 -18 -11 24
-4 28 40 11 -10 50 -4 6 52
-6 32 21 4 -5 29 -15 14 33
-6 24 23 11 -14 23 -8 10 32
13 51 36 34 16 34 8 26 43
20 48 25 36 23 28 11 31 40
46 56 54 67 41 49 43 46 54
65 88 81 79 62 66 55 53 68
58 92 69 71 62 56 50 61 60
52 76 78 69 60 69 49 63 70
48 83 90 56 64 75 35 73 75
29 73 87 37 52 74 23 54 76
54 84 115 61 68 102 47 62 102
62 101 81 63 78 73 46 62 69
55 79 87 61 65 80 49 46 74
63 91 119 62 76 111 51 72 101
56 97 103 53 82 103 42 82 94
54 82 88 58 81 95 45 74 83
65 75 77 58 82 86 49 79 74
61 72 96 57 69 100 53 69 82
76 117 121 76 100 117 62 86 95
11 82 51 -8 53 46 -8 48 40
-4 34 52 -18 -3 52 -8 17 58
36 53 79 30 45 86 25 63 106
35 62 50 28 53 59 26 77 83
35 48 37 31 40 50 31 73 68
-1 23 35 -6 22 43 -11 43 54
-24 23 58 -20 13 59 -22 22 63
-9 45 70 -8 35 69 -11 37 69
-17 24 49 -26 28 49 -23 34 49
-13 16 55 -14 24 56 -8 35 54
4 39 81 -2 49 85 1 52 78
-12 42 71 -17 52 71 -14 51 59
-22 27 55 -31 37 57 -20 34 55
-17 11 43 -34 21 41 -21 29 41
2 17 53 -7 30 54 5 36 49
7 45 60 0 65 62 6 62 48
-25 12 49 -40 38 55 -29 33 41
-22 11 62 -31 25 67 -16 29 58
-3 23 71 -13 41 78 -3 47 75
1 37 84 -5 58 96 2 57 88
-4 46 65 -10 66 88 -1 56 77
3 25 54 -6 60 86 2 57 81
12 27 49 5 68 74 20 71 61
12 43 51 1 66 75 15 63 55
21 49 59 12 68 72 22 59 43
29 58 59 31 77 63 37 54 29
39 56 62 36 72 74 41 49 36
31 48 26 25 76 43 33 56 3
2 17 -15 -11 32 2 8 20 -27
-10 -14 -32 -25 13 5 -8 9 -8
2 -21 -3 -3 29 32 11 36 22
24 21 21 18 62 41 32 68 32
11 22 29 1 61 52 16 61 48
10 33 25 -3 63 40 18 65 27
4 24 36 -14 40 43 10 33 27
9 35 33 -16 35 37 15 37 27
8 23 25 -15 34 39 17 43 38
3 8 21 -24 41 45 6 46 51
20 18 45 -1 56 64 27 62 63
25 30 41 6 71 65 30 71 59
8 11 27 -16 49 56 10 50 53
10 13 22 -15 49 47 16 65 46
-1 5 4 -27 25 16 1 49 14
14 1 18 -5 14 29 17 29 21
23 18 20 13 36 30 29 42 19
35 4 27 27 27 31 36 34 16
54 31 26 54 37 29 58 42 12
32 30 19 30 26 13 33 29 3
26 3 18 18 4 6 22 17 2
25 5 -4 20 3 -10 24 20 -4
-17 -27 -31 -29 -29 -37 -23 -9 -20
-7 -41 -3 -10 -42 -12 -7 -19 5
10 -1 -1 11 -8 -4 13 13 7
26 1 3 23 3 7 25 24 13
36 7 18 42 23 26 44 41 24
33 17 25 46 29 33 40 42 22
40 17 35 56 28 42 43 34 26
45 42 52 68 53 58 54 49 50
47 70 78 64 76 83 47 77 71
24 69 88 42 79 91 27 68 72
8 68 87 24 86 88 14 56 72
-5 54 55 1 79 59 -4 64 59
1 39 62 14 67 61 11 68 63
4 52 71 18 82 69 13 77 65
21 60 80 35 96 99 28 91 103
-18 45 46 1 99 82 -4 108 96
-35 14 53 -18 87 90 -24 92 96
-57 12 21 -42 73 48 -43 80 45
-73 -10 39 -60 31 60 -51 48 52
-59 20 70 -44 71 89 -42 71 72
-50 33 56 -30 78 67 -27 80 52
-43 22 50 -21 57 58 -20 73 48
-59 12 24 -42 46 27 -42 58 17
-89 -3 7 -68 11 2 -65 24 -6
-88 -14 14 -72 -9 8 -71 6 13
-102 1 -10 -92 5 -11 -86 20 -6
-129 -27 -22 -117 -34 -29 -106 -17 -28
-96 -20 7 -84 -27 -13 -79 -26 -22
-64 -2 30 -45 0 14 -44 -16 4
-36 30 65 -18 37 49 -21 23 39
-30 49 86 -15 62 72 -19 40 63
10 76 110 29 97 101 29 71 101
25 89 100 33 110 95 39 101 94
1 64 37 9 77 32 14 60 31
-42 11 2 -31 29 -5 -25 3 -3
-61 -14 -8 -53 3 -17 -48 -17 -16
-44 -15 -7 -34 -3 -20 -25 -11 -22
-49 -20 -24 -49 -15 -46 -33 -14 -50
-64 -39 -14 -67 -42 -36 -51 -44 -38
-64 -15 13 -56 -32 -4 -44 -34 -2
-74 -3 -2 -73 -19 -23 -63 -26 -22
-84 -33 -12 -85 -41 -40 -71 -34 -34
-44 -13 12 -41 -30 -16 -27 -14 -25
-20 15 27 -14 -1 -2 -11 -1 -22
-19 29 47 -4 16 9 -6 -4 -22
-3 50 63 15 32 30 7 0 4
9 53 45 17 45 23 12 24 5
-12 46 21 -1 30 -3 -4 20 -16
-24 27 1 -12 11 -17 -20 -3 -28
-35 0 -3 -24 -10 -23 -31 -21 -31
-29 10 5 -9 -1 -21 -20 -19 -32
-42 1 10 -27 -8 -18 -40 -23 -26
-39 0 14 -24 -14 -11 -30 -21 -18
8 22 18 21 13 5 17 7 2
52 37 29 54 39 18 54 38 15
71 61 44 83 62 30 83 63 29
74 59 24 87 56 -2 81 64 -6
79 53 2 89 30 -22 86 42 -27
80 59 20 93 33 -3 89 40 -6
86 67 51 97 47 22 88 54 17
102 88 43 115 54 16 109 64 18
101 72 36 111 46 14 109 67 21
107 60 17 108 33 -6 108 64 7
100 40 -3 103 7 -24 109 54 -13
121 42 34 124 19 14 125 62 28
132 68 43 136 58 25 135 94 42
103 55 10 105 38 -9 110 67 8
103 36 20 98 19 7 105 51 17
108 48 10 105 37 -1 115 69 13
92 35 1 91 32 -8 97 62 8
55 -2 -12 51 6 -15 60 33 -2
52 10 15 58 11 5 65 34 18
55 30 10 63 22 -4 60 38 1
55 15 7 63 12 -6 62 17 1
71 22 4 82 27 -4 81 34 8
69 11 -2 70 24 4 71 38 23
71 3 -5 73 32 -3 82 49 17
51 -5 -26 52 13 -28 62 38 -7
31 -17 -35 28 -23 -42 40 9 -21
32 -22 -34 35 -27 -44 51 8 -18
40 -18 -39 37 -22 -41 53 27 -11
11 -35 -64 10 -35 -68 26 4 -47
0 -56 -73 7 -36 -78 22 -13 -55
-18 -80 -77 -15 -55 -85 -3 -31 -67
-14 -74 -80 -7 -53 -84 8 -36 -71
-14 -59 -91 -6 -44 -89 10 -33 -77
18 -56 -83 23 -47 -72 40 -27 -57
53 -55 -81 56 -25 -61 81 9 -44
73 -63 -68 70 -30 -51 96 10 -33
103 -38 -35 102 -15 -33 127 22 -23
139 18 -14 138 26 -16 164 50 -8
154 17 -43 137 12 -43 171 56 -27
168 10 -27 156 1 -32 191 55 -21
184 39 -4 171 34 -10 204 80 -7
149 6 -25 128 17 -24 167 69 -17
124 1 -30 116 11 -36 150 55 -26
91 -9 -24 95 -4 -27 110 34 -12
70 -10 -24 77 0 -25 92 40 -8
56 -5 -39 67 -4 -39 83 34 -29
29 -20 -43 48 -25 -40 47 -6 -36
16 -28 -49 43 -28 -45 41 5 -38
12 -30 -48 36 -33 -49 35 5 -39
20 -26 -45 42 -25 -53 39 5 -48
21 -29 -62 43 -27 -76 48 5 -67
12 -44 -89 24 -46 -96 35 -12 -88
10 -60 -88 24 -73 -96 37 -37 -87
2 -46 -67 27 -57 -69 34 -13 -63
-24 -42 -72 4 -44 -79 -2 -14 -80
-38 -43 -66 -12 -61 -72 -10 -40 -70
-46 -53 -69 -26 -61 -70 -18 -36 -61
-44 -74 -62 -25 -77 -72 -18 -52 -68
-40 -52 -49 -13 -65 -63 -10 -55 -66
-33 -39 -59 2 -54 -62 -10 -46 -63
-34 -41 -50 2 -48 -45 -12 -39 -39
-31 -26 -31 -2 -43 -37 -5 -36 -32
-32 -30 -36 -15 -59 -43 -15 -43 -39
-41 -39 -52 -17 -67 -52 -19 -43 -52
-42 -42 -60 -17 -60 -56 -22 -39 -53
-39 -52 -61 -24 -61 -60 -23 -32 -56
-47 -54 -56 -29 -70 -49 -21 -33 -37
-30 -32 -22 -15 -53 -24 -11 -14 -11
-55 -22 -6 -42 -48 -9 -35 -17 -1
-61 -21 -1 -50 -29 4 -36 -11 8
-53 -18 -1 -46 -13 17 -33 7 21
-43 -7 12 -24 9 39 -18 18 32
-52 -3 23 -32 16 50 -31 16 40
-56 2 34 -40 14 56 -40 20 36
-64 -3 5 -49 4 24 -42 7 5
-64 -30 17 -55 -24 32 -48 -8 18
-30 -3 63 -17 8 77 -10 27 63
-3 40 61 21 59 74 20 63 49
-4 34 31 21 51 40 8 46 15
2 17 34 31 43 41 19 44 21
3 25 30 30 43 31 17 47 8
5 18 33 34 28 29 15 20 10
4 27 36 32 38 25 21 30 13
-8 5 15 10 9 3 4 24 10
0 -1 10 23 -5 4 12 16 10
-25 -9 -16 -6 -5 -17 -11 14 -12
-54 -46 -32 -42 -30 -32 -42 -3 -23
-39 -40 -14 -26 -25 -17 -22 -2 -17
-48 -29 -15 -40 -21 -20 -32 2 -26
-45 -34 -5 -36 -30 -16 -32 -12 -26
-36 -14 -6 -13 -14 -21 -22 -10 -23
-32 -6 16 -14 -11 -2 -26 -10 -11
-22 6 24 -2 2 3 -14 -3 -8
-8 16 21 13 12 7 2 12 0
-4 9 22 3 0 13 -3 14 6
-17 7 -12 -4 -6 -22 -14 7 -29
-53 -31 -15 -43 -48 -24 -51 -39 -26
-39 -23 -3 -33 -34 -10 -41 -25 -10
-42 -26 -28 -30 -22 -35 -37 -9 -30
-40 -35 -11 -35 -35 -21 -37 -21 -14
-37 -14 -10 -31 -25 -29 -37 -6 -29
-51 -21 -8 -45 -35 -36 -48 -21 -36
-58 -18 -17 -64 -39 -42 -65 -23 -40
-72 -44 -31 -68 -51 -42 -70 -33 -39
-69 -42 -32 -65 -39 -38 -66 -29 -33
-70 -47 -51 -71 -46 -54 -72 -36 -49
-71 -59 -58 -66 -55 -58 -63 -50 -58
-76 -52 -61 -76 -54 -63 -76 -50 -62
-73 -59 -35 -67 -55 -36 -71 -57 -37
-41 -24 -10 -31 -9 -1 -36 -16 -3
-37 -10 -25 -42 13 -22 -42 10 -18
-55 -50 -43 -63 -38 -41 -52 -18 -29
-47 -46 -49 -59 -42 -38 -47 -22 -24
-50 -38 -36 -59 -32 -26 -53 -26 -21
-45 -21 -28 -41 -27 -30 -42 -23 -32
-23 -3 -11 -20 -7 -14 -29 -12 -27
-31 1 -12 -26 -1 -10 -37 -8 -26
-27 -12 10 -20 -6 14 -27 0 1
6 20 42 10 32 34 -3 32 10
8 42 77 10 34 53 6 17 23
41 66 85 41 48 63 35 30 42
47 69 76 42 59 64 35 53 49
15 47 27 9 42 24 10 46 20
-30 -17 -49 -38 -4 -32 -40 12 -23
-67 -69 -90 -77 -45 -81 -72 -26 -65
-61 -80 -71 -67 -68 -74 -60 -43 -60
-58 -66 -67 -70 -63 -81 -65 -45 -72
-73 -68 -64 -78 -72 -78 -73 -53 -73
-64 -53 -51 -66 -59 -63 -67 -34 -62
-81 -73 -85 -89 -68 -90 -88 -55 -82
-107 -96 -85 -104 -84 -93 -105 -80 -80
-105 -91 -62 -109 -100 -74 -107 -81 -63
-105 -73 -65 -109 -93 -77 -108 -83 -71
-120 -82 -81 -117 -99 -88 -123 -107 -83
-96 -88 -66 -92 -94 -68 -105 -96 -60
-90 -69 -72 -80 -60 -66 -97 -58 -59
-98 -75 -71 -95 -67 -68 -105 -60 -62
-85 -84 -83 -92 -72 -78 -95 -53 -69
-67 -78 -56 -72 -53 -59 -67 -36 -54
-76 -71 -58 -84 -50 -64 -84 -39 -67
-73 -70 -32 -74 -58 -47 -77 -50 -58
-85 -44 -54 -84 -45 -77 -90 -45 -86
-116 -87 -94 -120 -92 -112 -126 -92 -110
-98 -98 -84 -99 -104 -94 -100 -93 -88
-99 -83 -96 -106 -84 -101 -105 -70 -93
-115 -107 -119 -124 -94 -108 -122 -88 -91
-116 -108 -114 -111 -91 -106 -115 -84 -88
-91 -90 -86 -91 -90 -91 -96 -73 -83
-96 -69 -73 -93 -71 -87 -102 -67 -91
-115 -83 -74 -108 -75 -93 -117 -77 -103
-112 -100 -80 -111 -93 -86 -119 -87 -86
-111 -95 -94 -106 -80 -84 -109 -71 -81
-111 -100 -89 -106 -77 -81 -109 -64 -68
-102 -93 -65 -97 -81 -60 -104 -64 -48
-95 -69 -58 -86 -61 -53 -92 -44 -48
-70 -52 -32 -63 -52 -33 -74 -42 -37
-59 -29 -39 -51 -40 -39 -65 -41 -51
-69 -40 -34 -58 -39 -31 -73 -42 -39
-50 -37 -6 -43 -29 -6 -62 -29 -14
-47 -18 0 -30 -13 -1 -54 -16 -12
-36 -11 9 -22 -6 3 -44 -21 -20
-26 -10 -3 -26 -9 -10 -40 -25 -36
-21 -11 -16 -16 -18 -21 -27 -22 -45
-20 -25 -32 -17 -26 -22 -31 -15 -32
-52 -56 -65 -53 -36 -51 -60 -10 -48
-75 -76 -81 -73 -65 -78 -76 -33 -73
-65 -79 -71 -63 -73 -62 -72 -60 -59
-61 -54 -55 -53 -45 -45 -64 -45 -46
-42 -34 -44 -31 -31 -41 -46 -30 -48
-37 -25 -52 -31 -31 -39 -47 -36 -51
-32 -18 -37 -23 -10 -22 -34 -21 -33
-34 -23 -21 -27 3 -10 -42 -8 -23
-55 -23 -22 -52 -13 -4 -62 -22 -15
-45 -13 -14 -37 -14 9 -48 -21 1
-14 5 -3 -7 13 13 -26 -1 -6
-12 2 0 -6 21 13 -21 5 -15
-15 17 30 -10 29 35 -24 8 12
-16 24 4 -18 36 18 -32 23 2
-42 -14 -23 -43 -3 -1 -50 -5 -15
-7 2 5 -4 13 27 -20 5 16
25 30 10 29 58 23 11 40 5
1 21 10 7 49 18 -8 17 -4
3 15 10 1 36 22 -14 3 4
3 6 3 6 21 16 -6 -2 -7
3 7 -18 6 15 4 -10 -12 -17
17 -16 -20 15 8 5 1 -6 -10
27 -5 7 24 13 18 15 7 -10
13 6 11 -3 14 14 -6 1 -15
-7 -3 -2 -21 -1 -3 -22 -4 -32
-10 -2 7 -16 -3 6 -21 -1 -23
7 27 15 -3 14 15 -13 -5 -22
4 20 8 -1 17 11 -12 -12 -21
4 12 1 -13 12 11 -16 -5 -13
-1 1 -15 -25 -4 3 -25 -11 -22
-10 5 -13 -24 7 -6 -30 -6 -38
-25 1 -16 -44 -7 -6 -49 -28 -34
-22 0 -30 -43 -7 -13 -44 -22 -36
-38 -16 -53 -54 -16 -39 -58 -36 -58
-45 -38 -35 -66 -39 -13 -70 -53 -22
-29 -24 -39 -42 -15 -15 -46 -21 -21
-15 -27 -44 -32 -14 -19 -31 -16 -27
-20 -21 -30 -39 -10 -11 -40 -21 -27
-21 -2 -25 -34 -6 -13 -32 -25 -29
-14 -1 -19 -32 -5 -7 -33 -32 -25
-3 13 8 -15 6 11 -23 -36 -17
-9 32 20 -23 20 17 -29 -23 -12
-23 13 22 -44 12 25 -45 -12 -1
-35 2 -5 -53 1 -6 -53 -18 -29
-42 -22 -26 -63 -32 -24 -62 -52 -38
0 -20 -14 -19 -13 -11 -24 -35 -20
4 -2 -18 -7 12 -9 -13 -17 -18
4 -2 3 -18 11 21 -16 -9 12
3 1 -16 -14 16 4 -14 7 -11
9 -10 -4 2 14 14 -5 -1 -5
23 8 3 11 30 17 2 10 -8
20 3 -17 16 20 -8 6 5 -30
16 7 -7 7 4 -9 -2 -5 -27
-8 -5 -24 -20 -20 -19 -28 -16 -36
-3 -14 -28 0 -17 -27 -16 -15 -50
9 -4 -31 8 -11 -31 -12 -18 -49
22 -2 -43 23 -15 -37 4 -10 -41
17 -6 -50 24 -16 -49 3 -8 -50
13 -31 -41 12 -32 -43 -8 -26 -49
14 -29 -35 19 -27 -41 -2 -19 -56
14 -15 -32 17 -21 -46 -3 -15 -62
17 -16 -42 16 -17 -56 -3 -23 -73
10 -14 -58 22 -8 -68 -3 -29 -77
2 -27 -49 1 -25 -55 -18 -35 -62
-7 -19 -34 -15 -18 -30 -28 -31 -44
-30 -22 -58 -31 -16 -46 -45 -23 -51
-17 -47 -42 -21 -40 -30 -37 -33 -28
-24 -40 -47 -27 -30 -41 -41 -21 -51
-54 -66 -67 -58 -58 -63 -72 -57 -73
-67 -97 -76 -75 -86 -80 -84 -90 -82
-60 -90 -85 -65 -83 -90 -70 -91 -95
-46 -87 -88 -53 -78 -88 -63 -92 -95
-41 -91 -91 -51 -70 -76 -55 -83 -86
-14 -50 -26 -16 -25 -11 -25 -53 -31
-2 7 -26 -10 29 -18 -24 -11 -37
-39 -51 -90 -60 -20 -68 -49 -33 -72
-7 -46 -37 -22 -16 -16 -15 -26 -22
12 2 -17 0 29 4 -3 10 -5
-22 -26 -17 -33 15 12 -27 13 -3
-33 -25 5 -45 21 26 -40 16 5
-27 -13 4 -37 22 11 -28 14 -11
-22 -12 -7 -30 18 -8 -19 7 -18
-45 -27 -48 -62 -4 -52 -51 -11 -52
-65 -62 -71 -76 -47 -69 -60 -48 -60
-64 -73 -91 -72 -57 -79 -61 -49 -64
-79 -106 -108 -92 -66 -92 -79 -61 -81
-87 -113 -107 -93 -71 -90 -75 -80 -80
-74 -90 -84 -83 -52 -69 -69 -67 -74
-89 -97 -69 -95 -64 -61 -79 -78 -69
-87 -70 -70 -89 -54 -60 -76 -71 -61
-98 -87 -80 -108 -68 -63 -93 -76 -58
-109 -112 -90 -116 -93 -68 -97 -82 -57
-85 -95 -69 -90 -77 -51 -77 -61 -41
-65 -84 -69 -76 -64 -47 -60 -50 -39
-70 -95 -82 -72 -68 -61 -58 -51 -55
-39 -87 -52 -41 -55 -42 -30 -42 -41
-41 -70 -55 -45 -55 -50 -31 -42 -48
-49 -64 -46 -47 -62 -43 -35 -50 -40
-41 -62 -31 -43 -50 -27 -35 -39 -20
-23 -45 -24 -23 -34 -10 -11 -17 6
20 -20 27 27 -2 42 34 20 47
59 34 77 62 52 82 66 62 82
52 56 97 63 63 101 68 78 105
68 62 98 84 78 105 78 95 117
36 46 53 51 66 57 45 80 73
-11 10 18 5 26 25 2 46 42
-39 -31 -14 -33 -4 5 -32 24 25
-24 -44 12 -15 -15 33 -4 31 58
1 -8 43 13 34 61 19 74 81
-7 10 41 -1 39 56 8 69 68
-10 5 42 5 35 62 16 67 69
-17 11 53 2 42 67 6 68 72
-8 22 68 10 51 72 17 69 69
-13 27 60 4 46 62 13 54 61
-12 15 55 1 29 63 8 50 75
-32 9 22 -16 23 33 -7 46 45
-33 -5 32 -18 4 44 -8 33 56
-23 -1 38 -5 3 48 1 35 67
-25 -4 18 -6 8 24 5 44 41
-33 -29 14 -21 -18 15 -9 30 24
-31 -14 11 -14 -3 8 -6 31 15
-43 -18 1 -25 -17 -4 -15 15 7
-50 -28 -5 -35 -38 -7 -30 -6 2
-51 -26 -10 -38 -47 -5 -24 -13 5
-35 -8 3 -34 -30 7 -10 9 12
-29 4 5 -32 -9 -2 -8 24 -10
-44 -3 3 -42 -15 -2 -16 6 -5
-30 -2 13 -22 2 17 -8 17 25
-38 -3 1 -29 -4 4 -18 32 22
-67 -24 -12 -65 -29 -5 -43 21 15
-59 -31 -6 -64 -36 8 -39 13 30
-44 -31 10 -41 -22 22 -16 29 41
-19 2 44 -15 11 42 5 53 59
-25 15 62 -25 14 58 -5 52 70
-24 42 74 -21 29 65 3 56 73
-24 51 63 -27 25 65 -4 50 77
-6 33 74 -13 34 78 17 61 91
10 55 65 3 49 70 35 78 82
5 37 71 -8 36 88 23 71 94
-2 45 81 -3 58 101 25 80 108
-10 47 69 -7 54 90 13 79 98
2 53 78 5 50 95 22 62 96
5 69 90 13 72 105 31 67 105
5 73 89 8 73 86 21 68 83
-11 54 79 -8 43 73 7 46 75
-16 55 77 -12 43 71 6 48 77
-16 44 69 -20 30 73 -1 48 82
-36 27 42 -34 28 59 -17 40 67
-34 10 35 -29 27 57 -15 25 68
-44 -1 35 -44 9 50 -31 21 58
-61 14 40 -49 7 54 -41 17 49
-46 20 45 -40 18 65 -33 7 59
-26 16 42 -23 26 67 -11 26 70
-17 21 42 -5 29 56 4 36 54
-2 26 62 9 26 65 12 31 59
5 39 52 25 52 53 25 37 51
-12 18 41 6 37 45 6 32 47
23 22 85 40 36 86 42 40 82
56 80 107 76 88 99 76 80 92
38 72 81 53 71 73 52 64 74
23 44 74 42 48 72 43 47 73
22 57 61 38 55 52 43 56 46
-1 22 41 12 21 30 14 27 30
-16 4 31 1 16 26 7 15 40
-14 3 18 -5 23 22 7 18 35
-18 -4 14 -7 8 13 -2 6 21
-14 14 24 5 21 19 5 12 20
-16 22 39 -2 24 31 -5 11 27
-14 23 31 6 27 22 -3 15 24
-14 20 17 13 33 18 -2 14 25
-11 9 6 5 22 16 -6 20 27
-11 -5 14 8 15 29 3 20 35
-6 5 20 11 35 31 7 31 33
3 8 16 16 37 29 13 36 27
-12 5 -15 5 33 1 5 27 1
-26 -26 -16 -17 0 -8 -13 7 -8
-43 -40 -21 -31 -26 -18 -26 -16 -23
-1 -13 17 18 -8 23 24 1 20
30 36 37 48 42 41 42 40 47
8 31 42 31 45 49 29 40 56
19 38 60 40 49 68 41 52 73
3 35 52 20 48 56 18 49 58
1 36 58 20 42 58 26 36 55
16 49 48 37 60 63 33 56 67
17 41 59 42 68 84 39 68 86
10 56 29 36 83 48 32 76 50
-21 7 10 1 31 26 -7 24 27
-9 14 28 23 33 39 14 20 34
23 54 73 55 65 66 39 43 53
29 81 87 60 80 79 37 51 60
23 81 81 56 84 73 37 50 57
13 75 53 34 71 41 20 42 31
-2 42 48 17 43 29 8 21 25
-7 44 49 12 39 28 4 20 26
6 42 55 14 43 40 10 17 35
4 51 45 16 49 25 13 17 18
11 49 51 27 47 37 19 20 20
21 54 62 35 64 50 23 27 25
11 56 18 17 56 5 20 27 -11
1 13 -18 2 12 -23 7 -2 -33
5 2 -13 6 5 -15 15 -13 -15
12 14 -16 18 16 -10 26 13 -4
14 0 -60 23 12 -48 20 5 -43
6 -15 -65 26 -1 -56 21 -12 -49
6 -17 -53 25 -10 -49 20 -11 -32
14 -15 -52 24 -10 -54 23 -11 -38
-5 -11 -58 10 -20 -67 13 -27 -57
-19 -22 -55 -7 -40 -69 -7 -46 -61
-20 -27 -55 -6 -40 -76 -6 -40 -64
-44 -47 -89 -32 -63 -106 -26 -53 -93
-37 -57 -67 -33 -80 -90 -22 -66 -76
-11 -15 -50 2 -46 -79 10 -34 -67
-26 -15 -69 -18 -53 -97 -11 -48 -87
-39 -43 -71 -37 -83 -102 -24 -73 -97
-58 -51 -95 -55 -100 -131 -38 -91 -133
-52 -63 -76 -51 -113 -101 -37 -105 -91
-58 -50 -82 -49 -95 -104 -44 -85 -89
-69 -63 -92 -58 -111 -124 -51 -97 -112
-63 -58 -90 -64 -120 -124 -57 -110 -110
-71 -71 -106 -68 -129 -133 -60 -115 -109
-58 -70 -89 -53 -123 -115 -46 -105 -92
-32 -36 -73 -33 -98 -95 -27 -82 -80
-37 -42 -82 -32 -78 -108 -27 -77 -105
-55 -61 -92 -59 -95 -126 -54 -105 -126
-56 -75 -91 -55 -105 -118 -52 -121 -110
-53 -60 -97 -48 -88 -118 -49 -101 -100
-66 -75 -120 -73 -106 -140 -69 -110 -126
-51 -79 -86 -43 -99 -105 -45 -113 -105
-21 -33 -70 -11 -45 -91 -22 -65 -93
-44 -46 -82 -40 -63 -98 -49 -81 -87
-52 -43 -80 -44 -61 -94 -50 -79 -82
-29 -39 -77 -20 -54 -85 -32 -73 -80
-15 -29 -75 -1 -35 -79 -17 -64 -88
-5 -11 -59 13 -23 -65 -1 -58 -69
2 -4 -53 12 -17 -61 -2 -38 -60
-32 -29 -63 -19 -45 -77 -27 -61 -69
-30 -32 -51 -19 -54 -52 -25 -63 -35
-21 -16 -63 -13 -34 -54 -19 -48 -49
-21 -16 -60 -8 -35 -56 -11 -55 -53
-16 -8 -55 -14 -26 -59 -14 -44 -55
-49 -26 -73 -50 -48 -84 -44 -65 -89
-48 -32 -71 -40 -49 -78 -36 -71 -79
-42 -33 -77 -37 -43 -79 -37 -65 -72
-50 -40 -81 -45 -58 -88 -37 -78 -79
-34 -26 -59 -33 -53 -70 -24 -75 -69
-39 -19 -67 -39 -51 -74 -37 -77 -80
-60 -39 -65 -50 -49 -77 -52 -81 -82
-73 -52 -56 -65 -62 -86 -70 -91 -98
-65 -52 -45 -55 -73 -77 -59 -92 -91
-59 -39 -41 -45 -57 -73 -49 -84 -83
-50 -40 -16 -41 -59 -45 -49 -78 -53
-26 -7 33 -14 -26 4 -18 -50 -12
2 32 56 12 20 30 5 -12 14
8 40 70 21 31 47 12 0 40
1 62 67 26 56 50 11 12 43
-41 31 11 -20 36 1 -38 -18 3
-51 -14 -31 -34 -5 -30 -42 -48 -21
-40 -22 -35 -19 -3 -26 -29 -36 -21
-52 -32 -40 -34 -11 -32 -47 -52 -23
-37 -29 -36 -11 -10 -36 -25 -41 -30
-32 -25 -14 -2 -16 -24 -23 -46 -25
-18 -10 -16 12 -2 -28 -15 -33 -21
-28 -23 -16 3 -26 -44 -17 -44 -41
-17 -12 2 13 -16 -29 -11 -46 -28
4 19 29 38 14 2 13 -21 7
4 29 1 40 25 -16 12 -6 -6
-10 -12 -44 15 -1 -43 -7 -23 -19
-29 -37 -65 -3 -37 -52 -17 -42 -26
-12 -31 -48 13 -30 -39 -2 -31 -22
-40 -34 -86 -21 -36 -78 -32 -34 -65
-53 -55 -85 -27 -63 -79 -34 -65 -71
-23 -37 -48 0 -40 -42 -11 -51 -35
-12 -9 -27 11 -13 -30 -1 -27 -29
-15 -2 -35 10 -28 -36 1 -35 -33
-18 -8 -37 3 -30 -35 -8 -39 -28
-46 -6 -42 -24 -35 -45 -31 -40 -30
-49 -18 -41 -30 -51 -41 -34 -44 -17
-27 -8 -18 -7 -33 -20 -17 -28 2
-22 12 -18 5 -7 -29 -7 -18 -16
-43 -6 -23 -20 -26 -33 -34 -40 -16
-31 6 2 -5 -22 -7 -20 -24 12
-24 18 -4 5 -1 -7 -10 -5 16
-10 23 18 13 2 10 -1 -2 30
-10 33 4 18 11 -14 1 5 1
-14 12 16 15 -8 -2 -2 -11 14
-6 35 24 19 20 11 -3 13 21
-39 22 8 -12 8 6 -27 3 17
-26 20 9 -6 16 7 -18 5 18
-23 4 18 -1 20 21 -13 14 34
-15 24 49 20 40 46 3 34 49
3 53 29 27 49 20 8 27 21
-7 24 15 16 21 4 5 8 10
13 31 36 35 35 24 23 20 29
20 41 39 38 50 31 24 33 35
-1 36 23 23 34 15 12 22 26
2 27 25 19 22 18 10 18 36
12 29 18 22 26 11 20 27 27
-2 29 4 9 17 -6 10 13 5
-10 7 -8 2 -5 -8 -1 -3 8
-11 -7 -9 8 -6 -6 6 -9 4
-8 1 -1 10 10 3 8 -1 8
-13 -1 -4 -2 4 -5 1 3 1
-13 -4 6 8 -5 5 11 -6 8
-12 11 16 3 6 7 3 -6 6
-24 6 13 -4 -9 8 -4 -24 8
-20 22 12 15 14 18 3 -11 18
-25 13 6 5 21 11 -12 -9 11
-27 2 19 4 5 19 -7 -18 7
-17 20 30 13 17 33 -1 -6 20
-31 6 20 -10 -3 29 -17 -20 16
-17 3 22 5 -3 30 1 -23 10
-21 6 3 -6 -5 10 -11 -32 -6
-39 -5 -3 -19 -8 -1 -26 -39 -13
-32 8 19 -5 3 23 -14 -33 15
-17 24 9 -6 6 5 -9 -18 1
-40 -5 -26 -28 -20 -33 -25 -39 -36
-29 -20 -17 -16 -29 -16 -12 -35 -21
-46 -23 -56 -41 -28 -53 -34 -29 -56
-67 -62 -69 -56 -64 -63 -43 -60 -59
-62 -53 -44 -51 -49 -40 -44 -51 -28
-82 -55 -53 -72 -50 -48 -61 -55 -35
-95 -62 -67 -82 -72 -62 -70 -67 -53
-120 -85 -102 -109 -94 -88 -102 -89 -71
-120 -108 -116 -100 -96 -95 -93 -100 -77
-109 -106 -99 -86 -88 -80 -83 -88 -72
-99 -83 -81 -76 -75 -74 -77 -84 -78
-96 -77 -67 -73 -80 -64 -67 -90 -65
-89 -62 -42 -72 -66 -49 -70 -76 -56
-89 -51 -36 -69 -58 -51 -67 -78 -65
-94 -52 -62 -67 -61 -59 -68 -78 -62
-90 -63 -67 -68 -62 -50 -67 -76 -51
-89 -53 -65 -61 -48 -49 -62 -62 -50
-99 -48 -52 -68 -42 -41 -74 -66 -41
-100 -49 -54 -76 -52 -49 -78 -79 -48
-93 -56 -46 -67 -55 -36 -63 -73 -40
-89 -48 -34 -68 -40 -18 -66 -59 -23
-80 -46 -15 -51 -27 -2 -55 -51 -18
-72 -16 -4 -27 1 12 -41 -45 -13
-65 -2 -22 -24 12 -1 -43 -40 -21
-63 -13 -20 -14 4 -11 -33 -45 -29
-43 10 -7 1 21 3 -18 -38 -5
-44 3 -17 -11 15 1 -25 -18 1
-24 -7 -7 15 15 11 5 -10 5
-25 5 -27 4 21 -12 -5 -6 -23
-23 -8 -5 11 -1 8 4 -32 -6
-4 34 26 34 41 30 26 5 16
-31 32 11 -3 24 14 -9 -6 -5
-39 5 14 -11 6 19 -7 -26 -5
-22 21 32 5 21 32 8 -13 15
-26 14 -7 -3 12 -1 -2 -7 -6
-34 -10 -23 -10 -14 -10 -1 -20 -6
-39 -2 -9 -17 -9 3 -11 -17 3
-57 -12 -26 -33 -13 -13 -26 -27 -12
-74 -31 -15 -51 -37 -15 -37 -34 -6
-68 -29 -15 -47 -44 -13 -37 -23 4
-77 -44 -31 -48 -50 -23 -37 -23 -3
-72 -39 -13 -46 -50 -14 -32 -26 8
-87 -53 -33 -59 -54 -29 -51 -39 -6
-80 -51 -5 -41 -51 -2 -34 -40 17
-64 -22 18 -35 -32 24 -27 -16 36
-87 -24 -17 -65 -49 -13 -49 -32 -5
-81 -24 -12 -60 -62 -15 -41 -59 -10
-73 -12 1 -58 -41 1 -44 -54 1
-96 -24 -7 -70 -40 -16 -60 -63 -25
-114 -43 -5 -84 -68 -24 -81 -87 -37
-115 -47 -3 -95 -75 -19 -86 -94 -30
-91 -37 22 -72 -62 8 -53 -78 -9
-51 -4 44 -39 -29 25 -26 -41 2
-61 8 31 -38 -22 13 -34 -47 -13
-50 11 46 -15 -11 28 -23 -52 -6
-56 5 50 -24 -13 35 -39 -63 -2
-47 14 35 -17 -3 29 -23 -53 7
-46 13 23 -26 4 24 -24 -31 21
-49 5 31 -30 4 26 -28 -17 25
-63 8 -6 -36 3 -13 -37 -19 -15
-93 -23 -17 -69 -36 -18 -73 -64 -20
-84 -22 -2 -63 -37 2 -63 -65 -1
-54 2 15 -31 -13 15 -31 -42 1
-34 14 22 -14 -1 21 -17 -38 1
-13 15 32 15 17 38 8 -25 11
-15 31 35 11 32 32 -2 -29 -10
-48 10 19 -27 4 15 -35 -67 -27
-48 0 24 -22 -11 25 -27 -61 -11
-39 10 29 -14 5 36 -26 -43 14
-30 16 25 -3 23 32 -14 -22 21
-39 11 10 -3 14 13 -20 -23 7
-22 3 33 15 11 37 -8 -18 32
-45 14 -1 -10 17 10 -27 -14 4
-60 -11 -8 -30 -4 5 -41 -40 4
-73 -22 -20 -51 -10 -15 -56 -35 -13
-82 -34 -15 -54 -24 -5 -54 -53 -5
-43 -6 25 -16 6 43 -21 -25 36
-33 19 64 -1 39 65 -9 2 40
-18 59 111 23 67 97 10 11 63
9 92 118 41 99 110 26 34 79
-8 83 84 25 101 83 12 35 52
-45 49 44 -17 59 52 -26 3 31
-64 16 11 -42 26 17 -50 -24 2
-80 -8 0 -51 -7 -7 -56 -46 -16
-59 -10 16 -43 -13 13 -42 -35 11
-44 4 18 -28 14 21 -26 -11 16
-37 14 25 -21 24 23 -15 -9 21
-29 22 36 -23 21 27 -14 -5 23
-19 34 40 -2 32 28 4 6 18
-33 30 7 -22 20 -3 -18 -13 -14
-34 7 28 -20 -7 25 -17 -40 18
-15 41 37 9 37 43 9 3 45
-24 33 38 -16 32 46 -8 11 43
-52 25 34 -52 15 41 -33 -4 29
-63 10 26 -61 5 33 -37 -17 19
-31 8 49 -31 12 52 -11 2 51
-49 16 7 -39 27 17 -25 21 28
-80 -25 -11 -65 -7 -2 -55 -15 13
-83 -27 -1 -65 -11 -1 -62 -24 6
-73 -24 18 -48 -8 11 -41 -25 10
-45 -2 25 -21 10 16 -22 -11 6
-21 27 42 8 30 39 5 1 22
-12 46 37 21 53 40 16 18 27
-13 37 54 21 56 55 10 11 43
3 63 72 38 67 53 29 18 31
11 62 91 46 59 70 35 8 46
35 93 104 68 83 76 53 30 54
21 85 84 59 74 62 44 24 49
15 53 65 47 46 50 34 17 50
29 64 58 60 53 50 49 31 53
12 59 58 49 62 54 37 25 46
32 67 72 66 64 65 51 25 56
43 81 62 79 67 64 67 32 60
36 84 72 72 82 77 56 34 64
12 67 71 37 64 65 26 19 48
13 60 92 35 56 78 36 23 52
39 96 122 62 80 95 54 29 70
43 124 108 68 83 78 58 30 54
36 113 96 66 79 73 53 30 47
25 95 81 51 72 55 33 31 25
18 74 88 50 51 67 35 3 35
33 93 101 59 76 87 46 24 63
22 90 101 44 86 90 33 42 77
26 96 106 57 96 94 44 46 74
26 107 117 54 110 107 37 46 79
23 97 108 49 119 93 35 49 63
12 72 75 37 111 61 28 44 36
-4 41 55 16 84 53 10 19 36
4 50 65 31 97 70 25 28 51
9 64 60 41 115 68 26 42 51
-2 45 45 35 104 54 15 36 43
0 39 36 46 103 39 26 37 31
-1 26 31 36 82 29 21 31 27
-1 30 8 34 78 10 22 31 10
-7 33 22 34 78 21 21 16 14
-18 33 23 6 68 21 2 16 11
-12 26 49 13 62 53 20 25 45
-18 48 26 10 80 26 12 39 19
-41 5 -2 -18 36 1 -15 -3 1
-20 10 37 13 44 39 16 6 37
15 60 79 48 75 74 41 38 62
3 67 40 36 81 37 27 34 24
-33 8 3 -4 39 8 -2 1 4
-33 -11 23 -8 25 30 -5 -3 25
-11 14 26 21 58 30 20 25 17
-30 14 25 -7 43 12 -3 10 7
-39 8 32 -19 24 14 -14 -5 7
-31 14 34 0 27 20 3 -3 7
-23 33 36 -4 51 23 3 20 16
-39 13 16 -30 27 8 -11 6 4
-51 -8 -17 -48 3 -24 -21 -10 -29
-71 -45 -45 -74 -45 -41 -45 -51 -30
-63 -48 -26 -59 -44 -27 -33 -46 -15
-42 -14 10 -35 -5 -8 -17 -21 -6
-62 -17 -2 -61 -15 -17 -39 -33 -23
-70 -21 -24 -66 -13 -27 -40 -43 -34
-79 -52 -31 -76 -26 -24 -52 -61 -26
-49 -39 -5 -43 -19 7 -16 -43 8
-15 -8 -8 -4 11 21 18 -6 33
-15 -17 1 -8 13 18 11 -1 23
-21 -18 27 -10 4 26 15 -14 34
4 9 21 17 28 23 36 18 46
-26 -27 -26 -15 -4 -25 3 -3 3
-50 -64 -34 -31 -44 -41 -8 -48 -19
-52 -56 -32 -35 -55 -36 -17 -54 -15
-55 -62 -21 -37 -63 -21 -20 -52 2
-57 -47 -10 -30 -39 -15 -18 -39 2
-58 -37 -15 -32 -35 -27 -26 -37 0
-53 -40 -20 -22 -33 -30 -15 -29 -3
-51 -37 -15 -17 -11 -23 -16 -29 -6
-47 -41 -14 -18 -15 -21 -14 -32 -3
-54 -32 -8 -15 -22 -14 -13 -29 -8
-65 -27 -6 -28 -20 -16 -32 -35 -10
-68 -28 -19 -35 -18 -20 -34 -36 -9
-46 -23 -27 -16 1 -14 -8 -15 4
-50 -37 -35 -31 -8 -22 -20 -4 1
-37 -42 -33 -15 -20 -37 0 -18 -27
-17 -23 -28 8 -11 -33 18 -24 -33
7 -3 -29 37 8 -20 37 -16 -16
3 0 -29 34 16 -22 40 0 -7
-2 -10 -25 27 11 -13 30 6 9
32 1 -7 62 31 6 68 27 26
40 23 -24 61 17 -23 74 21 -10
58 13 -13 71 -7 -14 85 -6 -5
81 41 -4 102 27 -11 110 14 -11
64 45 -5 84 20 -22 90 2 -20
88 48 12 103 20 -8 112 12 -1
125 71 30 143 45 16 152 37 21
142 83 51 149 65 39 163 56 36
146 77 39 150 71 33 165 63 21
147 78 38 155 73 36 171 54 33
143 80 49 145 76 49 161 65 53
130 89 40 128 80 45 151 71 58
105 60 18 96 55 34 125 65 51
103 51 27 94 50 39 120 53 45
97 65 14 93 60 8 118 52 15
78 47 4 69 25 -11 94 33 -2
69 28 7 61 14 -12 86 24 -7
55 33 23 49 14 6 75 21 15
37 34 1 24 16 -11 50 23 -4
7 8 -23 1 -10 -36 25 -12 -32
-10 -1 -37 -19 -29 -45 8 -28 -25
-10 -17 -40 -20 -33 -52 7 -17 -35
-16 -24 -39 -15 -37 -64 9 -28 -53
13 -7 -5 21 -17 -28 32 -21 -21
37 24 34 54 16 12 59 -2 21
80 91 95 95 69 73 104 48 78
74 120 110 83 102 88 89 70 80
60 120 104 82 102 84 83 66 78
58 98 70 69 87 56 76 64 54
34 65 44 44 58 39 51 39 40
26 57 8 36 54 14 52 39 22
9 17 -15 10 30 -1 30 25 11
-13 2 -6 3 27 14 11 18 26
-34 3 -8 -13 29 14 -5 20 30
-29 -1 30 -12 36 47 -2 20 55
-20 25 24 3 67 44 15 37 49
-16 23 43 6 58 61 21 35 59
-14 38 40 4 68 59 20 43 56
-27 18 29 -4 47 49 16 31 40
-20 29 22 -1 53 36 19 25 23
-46 14 -18 -29 42 0 -1 10 -7
-55 -10 -22 -33 22 3 -1 1 -3
-54 -2 -7 -37 33 14 -5 7 6
-78 -10 -26 -56 24 -8 -22 -10 -11
-96 -33 -31 -76 -4 -17 -39 -29 -16
-80 -20 -34 -68 0 -15 -27 -18 -16
-80 -34 -6 -58 -2 16 -18 -16 6
-58 0 33 -31 27 42 -1 1 23
-50 28 45 -20 42 42 5 8 16
-55 39 49 -13 44 50 2 0 29
-60 33 26 -29 42 29 -13 7 25
-90 -4 8 -62 4 7 -35 -16 8
-81 3 -6 -64 0 -12 -31 -12 -6
-101 -34 -52 -91 -40 -50 -54 -38 -39
-95 -60 -37 -65 -38 -33 -37 -41 -30
-63 -46 -26 -29 -17 -25 -9 -20 -31
-51 -39 -35 -16 -16 -40 3 -16 -49
-64 -42 -21 -27 -24 -25 -5 -34 -24
-49 -13 20 -22 -2 13 1 -12 11
-62 18 36 -37 13 30 -11 0 21
-79 30 46 -62 13 32 -34 -4 20
-81 29 56 -71 11 45 -39 -3 37
-74 40 51 -58 18 35 -30 6 24
-53 49 53 -30 30 48 -18 -2 35
-37 52 60 -14 45 65 -6 8 43
-33 67 81 -14 68 83 -2 18 49
-25 71 83 -14 78 81 -3 20 47
-26 57 44 -12 55 44 2 11 23
-8 26 34 6 42 45 20 7 38
6 44 42 14 66 60 30 36 55
-10 54 35 1 70 47 20 39 40
-19 32 21 -14 51 30 7 23 27
-38 17 4 -29 29 6 -10 10 4
-49 14 3 -37 6 0 -16 -3 1
-48 14 -5 -30 6 -7 -22 -4 -14
-26 10 -1 3 8 -1 7 -16 -13
25 41 42 51 38 44 59 16 33
44 69 39 61 67 42 71 40 25
25 52 14 37 46 26 56 16 15
21 58 14 24 47 30 45 24 29
17 50 -17 13 39 -4 44 24 -1
31 32 -18 30 23 -5 62 20 6
28 11 -28 22 22 -19 50 23 -1
23 2 -12 24 10 -10 55 11 -1
19 22 -18 27 14 -18 49 8 -13
17 15 -22 26 14 -22 44 -4 -27
-5 11 -42 2 1 -47 29 -15 -46
-16 -2 -31 -14 -20 -40 13 -22 -29
-8 12 -36 -5 -4 -42 19 -6 -28
-20 -4 -55 -7 -15 -50 13 -12 -32
-15 -17 -43 5 -12 -39 10 -16 -29
-36 -15 -71 -14 -17 -76 -7 -38 -74
-40 -31 -70 -27 -34 -76 -15 -58 -79
-39 -34 -39 -31 -30 -45 -17 -63 -51
-40 -8 -50 -30 -21 -61 -13 -52 -68
-31 -16 -57 -16 -39 -63 -9 -67 -71
-10 -1 -38 5 -15 -45 12 -49 -61
-12 7 -18 10 10 -32 14 -39 -52
-21 23 -26 -1 20 -46 -3 -39 -60
-30 7 -38 -12 7 -64 -2 -45 -64
-33 5 -46 -21 2 -77 -7 -41 -72
-37 -5 -29 -30 -22 -62 -14 -43 -65
-27 12 -14 -12 -14 -34 6 -29 -46
-15 23 -18 1 2 -21 12 -12 -34
0 27 7 23 7 6 34 -11 -8
14 62 -6 39 46 -2 48 15 -5
-4 22 -39 11 12 -32 24 3 -25
21 11 -7 42 5 -14 58 7 -10
43 43 15 64 31 10 77 19 7
59 64 32 78 58 33 91 31 21
54 69 18 79 70 27 93 51 21
48 50 -4 77 60 5 80 51 9
54 40 -10 86 50 -3 87 36 -2
24 33 -21 52 37 -6 58 24 0
4 17 -32 23 22 -7 33 22 4
-7 7 -17 14 14 0 31 14 13
8 24 -35 32 32 -10 43 29 10
21 -1 -34 46 30 -14 53 28 1
31 23 -21 64 46 -16 69 39 -15
22 23 -16 55 31 -22 53 23 -22
18 30 28 50 18 11 48 3 1
27 73 61 58 48 44 58 10 35
22 70 29 45 55 12 42 17 -2
17 43 22 42 30 14 49 -2 -1
46 78 45 70 66 36 74 36 22
17 61 2 37 44 -2 42 22 -10
8 17 -13 32 15 -12 44 3 -14
15 16 -2 32 20 -5 45 6 -13
21 25 28 43 31 29 55 20 6
31 59 50 59 61 34 69 46 6
17 49 31 33 47 9 49 43 -14
1 37 16 22 32 -5 43 20 -25
1 44 17 24 43 -3 40 17 -16
-16 18 -12 2 21 -26 16 14 -25
-40 -16 -28 -21 -15 -35 -1 -10 -21
-42 -29 -14 -26 -19 -21 -7 -10 -6
-46 -20 -10 -23 -11 -13 -8 -12 4
-36 0 -3 -14 9 -10 2 -3 -6
-50 -11 -18 -39 -15 -32 -21 -24 -38
-52 -23 -12 -36 -38 -28 -14 -33 -42
-45 1 -3 -27 -18 -22 -12 -30 -48
-29 10 -9 -10 -5 -32 -1 -26 -55
-18 -4 -19 4 -7 -44 14 -20 -56
-37 -24 -42 -17 -27 -61 -12 -39 -65
-40 -52 -50 -22 -49 -60 -11 -52 -52
-37 -45 -49 -16 -31 -50 -6 -42 -41
-24 -36 -40 -11 -14 -34 2 -33 -24
-34 -28 -64 -20 -17 -56 -1 -19 -42
-43 -46 -63 -31 -51 -60 -11 -37 -41
-17 -33 -33 -4 -33 -47 12 -17 -36
-24 -17 -26 -4 -23 -54 13 -20 -58
-32 -12 -25 -23 -34 -52 -3 -37 -51
-46 -26 -26 -35 -44 -45 -11 -41 -32
-21 -4 -4 -6 -17 -13 20 -16 -3
-2 19 0 3 5 -6 32 6 8
15 16 36 24 11 29 58 29 44
28 58 85 42 50 68 64 55 80
27 74 97 44 71 77 58 69 87
36 78 106 61 81 81 74 79 80
22 79 57 38 85 42 51 74 38
-8 28 23 3 44 20 25 42 17
-39 12 -1 -24 22 -11 -4 21 -15
-50 -10 -26 -37 -8 -38 -21 -20 -33
-45 -24 -31 -30 -17 -48 -11 -37 -33
-21 -15 -35 -4 -13 -37 11 -19 -19
-11 -2 -16 7 -3 -17 17 -4 -14
7 22 24 35 27 13 42 5 6
-5 30 1 16 37 -16 18 11 -23
-40 -5 5 -13 -6 -16 -11 -18 -22
-23 27 31 2 16 2 9 -10 -2
-30 17 12 -20 7 -8 -4 -10 -1
-15 12 23 6 6 2 16 7 8
-26 31 5 0 12 -20 -1 -3 -16
-50 -3 -16 -26 -24 -44 -29 -33 -34
-47 -15 -8 -23 -43 -35 -17 -36 -29
-30 10 3 -15 -18 -23 -5 -16 -11
-43 10 4 -30 -14 -22 -17 -10 -11
-68 -10 -11 -53 -24 -20 -35 -15 -5
-65 -18 6 -51 -25 4 -36 -13 20
-64 3 7 -42 -12 2 -31 -12 10
-78 -16 -9 -58 -29 -17 -46 -30 -3
-74 -31 -12 -61 -40 -19 -43 -29 4
-72 -43 -42 -54 -44 -45 -32 -15 -16
-70 -52 -36 -56 -55 -42 -33 -18 -9
-68 -30 -22 -48 -39 -30 -26 -11 -8
-83 -30 -39 -53 -43 -54 -41 -21 -32
-87 -46 -36 -61 -58 -48 -46 -38 -22
-67 -29 -27 -44 -32 -36 -23 -15 -11
-74 -23 -41 -59 -35 -48 -34 -13 -15
-83 -48 -50 -74 -62 -58 -44 -42 -28
-50 -22 -23 -31 -36 -33 -7 -24 -1
-43 -10 -13 -24 -23 -25 -10 -6 7
-54 -18 -13 -28 -18 -18 -16 -12 10
-30 -2 25 1 -5 25 14 2 40
-11 33 72 14 29 73 23 31 74
7 71 92 31 67 92 46 44 86
27 87 101 42 81 98 64 53 93
14 76 77 21 67 82 46 58 85
-6 58 42 6 62 53 34 59 67
-4 41 35 12 52 49 33 50 74
-12 26 24 20 51 39 29 52 70
-41 -3 -7 1 30 14 9 28 48
-21 -7 5 22 20 29 30 21 65
-11 5 -19 40 34 6 43 36 39
-5 4 -20 41 20 -1 48 23 24
-8 7 -19 26 8 3 39 11 24
-5 12 -14 35 11 2 50 24 24
-11 -5 -6 23 4 11 41 19 40
-15 -8 -1 12 10 18 40 33 54
-25 5 1 16 24 24 39 50 53
-39 -16 -16 0 15 7 21 37 30
-33 -27 -24 12 10 -8 37 33 17
-39 -36 -59 8 7 -39 30 22 -6
-29 -55 -29 20 -11 -4 44 7 30
-1 -16 -12 54 27 12 73 40 41
-6 -16 -4 46 29 12 61 31 43
-8 -7 -5 37 20 12 63 22 42
-12 1 -7 30 25 4 62 29 41
-14 -10 -4 22 13 6 54 34 44
-20 -12 -15 20 18 2 52 34 31
-29 -26 -22 7 13 -7 39 17 7
-38 -31 -12 -2 11 1 26 1 6
-52 -22 -18 -17 6 -4 19 -4 4
-67 -32 -38 -41 -5 -10 -3 -15 13
-46 -48 -37 -13 -1 -3 23 7 22
-40 -41 -24 -6 -4 1 33 16 23
-31 -19 9 2 13 22 34 25 39
-52 -20 -15 -11 20 -4 18 17 13
-60 -35 -6 -17 -4 3 11 -5 18
-38 -8 4 3 20 13 25 13 23
-55 -2 36 -13 27 35 13 14 37
-58 7 58 -25 29 58 5 15 51
-40 19 67 -3 58 74 26 34 69
-38 39 69 1 77 77 31 51 73
-56 29 46 -17 53 65 9 28 54
-5 44 102 43 77 125 67 50 103
4 94 101 46 119 119 69 76 86
-13 88 99 29 105 118 52 50 80
0 100 105 48 121 125 70 57 83
12 98 98 52 123 116 70 61 77
-8 91 69 33 106 81 52 46 53
8 86 83 48 96 99 72 50 85
24 102 79 52 116 92 77 74 82
-14 71 41 13 76 51 43 41 51
-26 46 22 0 45 40 32 26 45
-35 30 4 -10 31 19 17 15 15
-18 36 40 20 34 48 42 0 31
-2 67 37 35 62 59 51 26 38
-14 59 27 18 53 50 38 17 24
3 66 64 37 60 79 59 14 51
8 78 54 36 89 71 54 40 40
2 51 50 33 74 68 60 23 37
56 93 115 98 128 136 113 65 112
57 134 105 98 171 127 107 111 108
22 102 83 65 125 102 80 84 77
30 96 113 71 119 128 83 84 115
63 134 138 104 155 136 116 125 120
60 141 119 108 157 119 117 119 109
61 130 107 103 145 107 111 110 94
37 120 72 79 122 78 91 84 67
39 97 62 82 115 72 93 72 67
57 97 90 99 115 92 109 81 83
70 123 96 116 137 99 126 98 85
60 114 85 105 125 84 111 84 77
34 82 57 81 91 56 89 62 52
47 73 61 97 88 71 107 67 64
53 73 55 96 94 66 107 75 66
55 78 60 106 98 69 118 80 73
52 89 95 105 118 111 114 110 115
43 105 92 96 135 95 103 122 95
46 103 42 98 96 48 109 76 52
61 84 79 108 86 94 115 71 100
70 119 86 110 110 84 121 87 82
74 124 108 114 96 95 125 71 95
102 146 131 140 111 116 139 84 111
95 154 113 136 118 101 132 89 92
69 127 105 101 101 96 103 82 95
59 115 82 88 91 73 89 65 65
29 96 48 59 61 33 63 25 29
7 54 40 30 24 24 38 -5 25
11 50 45 32 31 38 43 9 40
-10 35 34 14 13 35 30 1 36
14 49 25 36 26 32 45 10 35
5 42 8 34 21 21 42 8 31
-4 38 20 25 21 31 33 13 33
-6 34 13 21 22 8 28 -4 3
-17 30 20 14 -1 8 24 -24 -1
-6 36 30 20 2 29 27 -21 24
-6 39 39 24 10 46 29 -8 36
1 48 34 35 22 49 40 13 44
17 48 54 45 20 52 50 20 45
12 65 44 45 19 26 48 8 12
2 50 35 31 -2 19 36 -20 13
30 52 55 55 7 40 56 -3 31
67 83 93 105 41 70 97 15 53
108 128 130 137 81 103 127 45 83
120 154 161 144 103 139 138 70 116
122 171 155 148 125 142 142 89 119
108 156 117 128 117 109 116 82 92
106 130 114 129 99 110 122 69 99
116 139 120 139 107 116 128 78 103
118 149 122 138 120 112 125 78 95
103 149 113 121 107 95 116 69 76
87 144 96 103 92 76 93 52 57
70 112 77 86 60 61 81 25 39
77 111 72 96 54 55 90 33 34
66 95 64 86 55 59 75 23 49
87 101 87 105 70 81 107 35 71
95 110 77 110 84 65 111 56 54
62 75 60 74 45 39 77 26 33
56 73 70 71 26 42 80 19 34
58 76 54 76 36 35 73 23 29
39 44 25 58 17 15 58 4 16
38 48 31 56 14 20 63 1 24
43 51 39 52 16 28 63 7 31
56 62 75 72 27 52 84 21 44
56 97 82 74 49 45 79 25 32
66 93 112 84 48 71 89 18 54
58 112 104 80 59 64 84 33 51
42 98 84 53 48 57 60 35 49
6 53 68 20 24 46 32 17 36
17 70 45 36 36 21 47 15 11
22 56 19 32 11 0 41 -18 2
8 45 8 24 9 -11 32 -17 -9
-8 35 18 11 4 -5 16 -29 -12
2 45 33 21 16 11 24 -29 -3
12 63 25 38 26 -2 38 -17 -15
11 58 21 22 5 -7 29 -31 -22
12 58 21 19 8 2 30 -20 -15
-17 38 10 -7 -1 -7 5 -30 -18
-17 31 23 -14 -7 6 1 -36 1
-14 40 30 -4 -4 10 8 -23 1
4 45 60 15 3 35 30 -22 16
11 63 43 15 21 27 29 -13 4
9 58 40 25 13 30 37 -19 12
39 70 53 55 39 42 59 1 20
35 63 51 51 36 36 59 3 8
34 70 45 57 39 25 61 1 -6
26 67 50 44 26 30 48 -16 4
17 64 54 35 23 39 48 -2 18
8 48 42 24 15 28 37 3 16
9 31 37 24 5 31 40 -5 26
7 25 29 29 6 31 48 2 33
10 23 35 31 8 41 45 6 40
10 31 17 27 16 8 44 8 -7
-31 7 -15 -7 -16 -30 10 -32 -48
-34 -13 -2 -14 -39 -22 3 -53 -37
-1 3 15 25 -19 -8 44 -23 -22
27 29 32 55 24 12 68 11 -7
12 43 49 33 30 22 49 -2 -4
-6 58 42 20 26 12 35 -13 -18
-24 27 35 -7 -1 14 10 -29 -13
-11 25 50 15 7 30 25 -8 3
-17 32 47 17 21 17 23 -5 -13
-22 26 36 6 12 6 12 -17 -20
-15 31 35 13 7 14 23 -21 -11
-15 33 33 6 15 21 21 -8 -1
-27 22 33 -8 10 22 5 -14 -1
-30 27 31 -2 14 22 12 -15 2
-9 26 33 20 21 30 28 -5 16
6 34 33 35 40 30 44 14 19
1 35 17 31 36 12 43 7 -3
-10 21 11 20 17 6 23 -10 -13
-31 14 24 -4 7 14 8 -18 -11
-25 36 44 5 17 30 13 -11 -2
3 54 59 35 40 50 39 -2 22
33 79 61 69 68 59 74 18 33
15 70 27 44 54 34 44 7 8
-11 26 22 14 24 25 22 -13 6
-19 29 60 12 29 46 20 -5 26
-10 46 59 16 31 39 24 5 16
-9 34 24 18 14 10 35 1 -3
2 30 31 30 16 14 44 14 6
-25 27 26 -7 1 -4 11 -1 -16
-55 -1 34 -37 -34 4 -8 -33 -8
-36 20 49 -21 -16 25 6 -17 11
-40 24 39 -24 -9 18 3 -16 -5
-43 20 22 -26 -16 7 3 -30 -20
-35 25 31 -20 -4 25 2 -28 -4
-29 30 50 -6 10 49 18 -17 22
25 67 93 44 49 92 70 31 73
28 86 72 43 68 71 64 59 56
7 51 43 29 39 43 53 36 39
11 50 55 30 33 49 51 30 46
30 66 86 50 41 66 74 34 61
51 87 102 80 73 82 98 56 71
47 73 112 74 79 96 86 54 77
44 84 117 75 89 99 91 55 72
50 94 97 79 101 88 93 68 72
21 61 43 39 71 49 62 51 50
21 37 47 45 51 58 72 45 71
14 29 39 33 49 49 59 45 68
21 24 40 43 41 49 70 37 62
37 59 62 71 60 70 89 58 73
32 75 64 60 74 66 74 67 54
30 56 52 60 64 39 81 48 14
36 53 63 59 55 39 85 42 13
40 69 91 64 60 61 83 38 32
6 67 39 33 58 16 51 27 4
-6 8 13 1 7 1 36 2 5
5 14 12 12 14 7 48 11 15
-21 -8 -25 -17 -7 -22 26 -2 1
-39 -30 -19 -35 -17 -8 4 -10 9
-60 -26 -13 -41 -13 -4 -7 -17 -5
-56 -8 -7 -39 -6 -3 -5 -16 -17
-51 -11 -14 -41 -8 -19 -7 -19 -37
-55 -27 -24 -41 -31 -48 -4 -35 -67
-56 -38 -23 -44 -43 -51 -9 -51 -62
-43 -20 -28 -29 -26 -52 5 -30 -51
-40 -15 -30 -27 -20 -43 9 -20 -51
-42 -26 -28 -36 -20 -39 0 -29 -54
-30 -15 -7 -19 -11 -10 18 -20 -30
-27 13 -9 -21 18 1 15 -5 -15
-24 -4 -14 -23 -1 4 15 -15 -3
-18 -3 -25 -10 6 2 29 -5 -1
-32 -23 -28 -32 -4 -2 10 -11 -1
-64 -50 -34 -61 -27 -12 -17 -23 -19
-66 -54 -27 -53 -31 -8 -13 -23 -25
-68 -42 -21 -60 -31 -19 -24 -30 -50
-83 -41 -24 -71 -45 -34 -33 -52 -72
-77 -33 -18 -65 -56 -16 -26 -62 -53
-76 -35 -20 -71 -46 -12 -33 -50 -39
-84 -46 -18 -79 -51 -15 -32 -50 -35
-77 -32 7 -74 -45 8 -32 -50 -13
-76 -16 20 -69 -33 14 -32 -50 -13
-43 0 50 -34 -13 42 5 -25 17
-22 10 62 -21 7 51 17 10 23
-32 11 62 -26 8 44 16 15 22
-22 17 74 -15 13 50 28 22 37
-17 18 50 -17 15 31 29 27 17
-42 8 2 -33 -5 -5 13 2 -18
-51 -17 -30 -48 -28 -33 -5 -23 -49
-63 -39 -30 -58 -59 -38 -14 -42 -56
-63 -33 -33 -51 -47 -39 -12 -44 -54
-61 -38 -27 -53 -44 -31 -20 -45 -41
-54 -21 6 -41 -33 4 -4 -30 -16
-44 7 5 -30 1 4 1 -7 -15
-67 -18 -35 -57 -21 -43 -27 -26 -55
-58 -43 -29 -42 -49 -42 -8 -42 -44
-19 -20 -1 -2 -14 -7 24 -13 -7
-27 -16 -13 -12 2 -12 19 3 -5
-48 -27 -15 -21 8 -17 6 12 -10
-22 -16 -41 -5 -6 -43 23 -3 -35
-14 -25 -46 6 -26 -48 34 -12 -41
-33 -40 -30 -12 -36 -36 14 -16 -33
-42 -32 -20 -27 -35 -26 2 -20 -22
-53 -27 -21 -33 -19 -26 -6 -19 -25
-50 -18 -11 -39 -16 -24 -13 -23 -29
-65 -32 -31 -67 -52 -53 -27 -44 -50
-61 -51 -42 -58 -77 -59 -20 -56 -60
-46 -53 -47 -49 -69 -55 -13 -51 -56
-71 -66 -67 -74 -84 -73 -37 -59 -63
-102 -89 -70 -106 -110 -78 -71 -77 -58
-84 -73 -31 -90 -110 -47 -55 -71 -35
-73 -18 -34 -74 -73 -50 -42 -46 -51
-78 -29 -37 -82 -64 -50 -54 -54 -48
-83 -41 -44 -84 -57 -63 -59 -52 -69
-68 -12 -13 -61 -39 -33 -44 -50 -36
-42 15 19 -35 -6 10 -28 -16 3
-48 21 20 -37 4 11 -33 -11 -4
-63 21 38 -50 15 36 -51 -20 15
-59 33 45 -56 25 35 -51 -8 1
-56 39 47 -59 18 42 -46 -15 13
-55 42 42 -65 22 39 -52 -12 22
-56 15 30 -79 -7 30 -53 -24 17
-33 35 44 -55 10 51 -29 5 42
-36 25 27 -60 15 25 -41 24 23
-43 -1 22 -67 -14 6 -37 6 2
-47 -4 3 -84 -28 -14 -46 -10 -21
-77 -39 -31 -120 -70 -39 -78 -39 -33
-77 -52 -22 -117 -80 -17 -68 -37 -3
-84 -51 -27 -137 -72 -23 -83 -26 -16
-96 -59 -8 -152 -84 -10 -90 -37 -10
-70 -5 14 -124 -42 15 -61 -12 7
